0.0000 3.1342
1.0000 3.1342
2.0000 3.1342
3.0000 3.1342
4.0000 3.1342
5.0000 3.1342
6.0000 3.1345
7.0000 3.1345
8.0000 3.1345
9.0000 3.1345
10.0000 3.1345
11.0000 3.1345
12.0000 3.1345
13.0000 3.1345
14.0000 3.1345
15.0000 3.1345
16.0000 3.9061
17.0000 3.9061
18.0000 3.9061
19.0000 3.9061
20.0000 3.9061
21.0000 3.9061
22.0000 3.9061
23.0000 3.9061
24.0000 3.9061
25.0000 3.9061
26.0000 4.3299
27.0000 4.3299
28.0000 4.3299
29.0000 4.3299
30.0000 4.3299
31.0000 4.3299
32.0000 4.3299
33.0000 4.3299
34.0000 4.3299
35.0000 4.3299
36.0000 4.4193
37.0000 4.4193
38.0000 4.4193
39.0000 4.4193
40.0000 4.4193
41.0000 4.4193
42.0000 4.4193
43.0000 4.4193
44.0000 4.4193
45.0000 4.4193
46.0000 4.4396
47.0000 4.4396
48.0000 4.4396
49.0000 4.4396
50.0000 4.4396
51.0000 4.4396
52.0000 4.4396
53.0000 4.4396
54.0000 4.4396
55.0000 4.4396
56.0000 4.4369
57.0000 4.4369
58.0000 4.4369
59.0000 4.4369
60.0000 4.4369
61.0000 4.4369
62.0000 4.4369
63.0000 4.4369
64.0000 4.4369
65.0000 4.4369
66.0000 4.4306
67.0000 4.4306
68.0000 4.4306
69.0000 4.4306
70.0000 4.4306
71.0000 4.4306
72.0000 4.4306
73.0000 4.4306
74.0000 4.4306
75.0000 4.4306
76.0000 4.4185
77.0000 4.4185
78.0000 4.4185
79.0000 4.4185
80.0000 4.4185
81.0000 4.4185
82.0000 4.4185
83.0000 4.4185
84.0000 4.4185
85.0000 4.4185
86.0000 4.4073
87.0000 4.4073
88.0000 4.4073
89.0000 4.4073
90.0000 4.4073
91.0000 4.4073
92.0000 4.4073
93.0000 4.4073
94.0000 4.4073
95.0000 4.4073
96.0000 4.3917
97.0000 4.3917
98.0000 4.3917
99.0000 4.3917
100.0000 4.3917
101.0000 4.3917
102.0000 4.3917
103.0000 4.3917
104.0000 4.3917
105.0000 4.3917
106.0000 4.3728
107.0000 4.3728
108.0000 4.3728
109.0000 4.3728
110.0000 4.3728
111.0000 4.3728
112.0000 4.3728
113.0000 4.3728
114.0000 4.3728
115.0000 4.3728
116.0000 4.3649
117.0000 4.3649
118.0000 4.3649
119.0000 4.3649
120.0000 4.3649
121.0000 4.3649
122.0000 4.3649
123.0000 4.3649
124.0000 4.3649
125.0000 4.3649
126.0000 4.3397
127.0000 4.3397
128.0000 4.3397
129.0000 4.3397
130.0000 4.3397
131.0000 4.3397
132.0000 4.3397
133.0000 4.3397
134.0000 4.3397
135.0000 4.3397
136.0000 4.3209
137.0000 4.3209
138.0000 4.3209
139.0000 4.3209
140.0000 4.3209
141.0000 4.3209
142.0000 4.3209
143.0000 4.3209
144.0000 4.3209
145.0000 4.3209
146.0000 4.3034
147.0000 4.3034
148.0000 4.3034
149.0000 4.3034
150.0000 4.3034
151.0000 4.3034
152.0000 4.3034
153.0000 4.3034
154.0000 4.3034
155.0000 4.3034
156.0000 4.2835
157.0000 4.2835
158.0000 4.2835
159.0000 4.2835
160.0000 4.2835
161.0000 4.2835
162.0000 4.2835
163.0000 4.2835
164.0000 4.2835
165.0000 4.2835
166.0000 4.2605
167.0000 4.2605
168.0000 4.2605
169.0000 4.2605
170.0000 4.2605
171.0000 4.2605
172.0000 4.2605
173.0000 4.2605
174.0000 4.2605
175.0000 4.2605
176.0000 4.2465
177.0000 4.2465
178.0000 4.2465
179.0000 4.2465
180.0000 4.2465
181.0000 4.2465
182.0000 4.2465
183.0000 4.2465
184.0000 4.2465
185.0000 4.2465
186.0000 4.2476
187.0000 4.2476
188.0000 4.2476
189.0000 4.2476
190.0000 4.2476
191.0000 4.2476
192.0000 4.2476
193.0000 4.2476
194.0000 4.2476
195.0000 4.2476
196.0000 4.4260
197.0000 4.4260
198.0000 4.4260
199.0000 4.4260
200.0000 4.4260
201.0000 4.4260
202.0000 4.4260
203.0000 4.4260
204.0000 4.4260
205.0000 4.4260
206.0000 4.2914
207.0000 4.2914
208.0000 4.2914
209.0000 4.2914
210.0000 4.2914
211.0000 4.2914
212.0000 4.2914
213.0000 4.2914
214.0000 4.2914
215.0000 4.2914
216.0000 4.3180
217.0000 4.3180
218.0000 4.3180
219.0000 4.3180
220.0000 4.3180
221.0000 4.3180
222.0000 4.3180
223.0000 4.3180
224.0000 4.3180
225.0000 4.3180
226.0000 4.3433
227.0000 4.3433
228.0000 4.3433
229.0000 4.3433
230.0000 4.3433
231.0000 4.3433
232.0000 4.3433
233.0000 4.3433
234.0000 4.3433
235.0000 4.3433
236.0000 4.3661
237.0000 4.3661
238.0000 4.3661
239.0000 4.3661
240.0000 4.3661
241.0000 4.3661
242.0000 4.3661
243.0000 4.3661
244.0000 4.3661
245.0000 4.3661
246.0000 4.3956
247.0000 4.3956
248.0000 4.3956
249.0000 4.3956
250.0000 4.3956
251.0000 4.3956
252.0000 4.3956
253.0000 4.3956
254.0000 4.3956
255.0000 4.3956
256.0000 4.4230
257.0000 4.4230
258.0000 4.4230
259.0000 4.4230
260.0000 4.4230
261.0000 4.4230
262.0000 4.4230
263.0000 4.4230
264.0000 4.4230
265.0000 4.4230
266.0000 4.4492
267.0000 4.4492
268.0000 4.4492
269.0000 4.4492
270.0000 4.4492
271.0000 4.4492
272.0000 4.4492
273.0000 4.4492
274.0000 4.4492
275.0000 4.4492
276.0000 4.4802
277.0000 4.4802
278.0000 4.4802
279.0000 4.4802
280.0000 4.4802
281.0000 4.4802
282.0000 4.4802
283.0000 4.4802
284.0000 4.4802
285.0000 4.4802
286.0000 4.5075
287.0000 4.5075
288.0000 4.5075
289.0000 4.5075
290.0000 4.5075
291.0000 4.5075
292.0000 4.5075
293.0000 4.5075
294.0000 4.5075
295.0000 4.5075
296.0000 4.5413
297.0000 4.5413
298.0000 4.5413
299.0000 4.5413
300.0000 4.5413
