0.0000 1.5870
0.0400 1.5870
0.0800 1.5870
0.1200 1.5870
0.1600 1.5870
0.2000 1.5870
0.2400 1.5870
0.2800 1.5870
0.3200 2.1660
0.3600 2.1660
0.4000 2.1660
0.4400 2.1660
0.4800 2.1660
0.5200 2.1660
0.5600 2.1660
0.6000 2.1660
0.6400 2.1660
0.6800 2.7230
0.7200 2.7230
0.7600 2.7230
0.8000 2.7230
0.8400 2.7230
0.8800 2.7230
0.9200 2.7230
0.9600 2.7230
1.0000 2.7230
1.0400 2.7230
1.0800 2.7230
1.1200 2.9820
1.1600 2.9820
1.2000 2.9820
1.2400 2.9820
1.2800 2.9820
1.3200 2.9820
1.3600 2.9820
1.4000 2.9820
1.4400 2.9820
1.4800 3.0040
1.5200 3.0040
1.5600 3.0040
1.6000 3.0040
1.6400 3.0040
1.6800 3.0040
1.7200 3.0040
1.7600 3.0040
1.8000 3.0040
1.8400 3.0180
1.8800 3.0180
1.9200 3.0180
1.9600 3.0180
2.0000 3.0180
2.0400 3.0180
2.0800 3.0180
2.1200 3.0180
2.1600 3.0180
2.2000 3.0180
2.2400 3.0180
2.2800 3.7610
2.3200 3.7610
2.3600 3.7610
2.4000 3.7610
2.4400 3.7610
2.4800 3.7610
2.5200 3.7610
2.5600 3.7610
2.6000 3.7610
2.6400 4.4770
2.6800 4.4770
2.7200 4.4770
2.7600 4.4770
